Title:
VGG16_Task2
Classes:
['apple_pie', 'baby_back_ribs', 'baklava', 'beef_carpaccio', 'beef_tartare', 'beet_salad', 'beignets', 'bibimbap', 'bread_pudding', 'breakfast_burrito', 'bruschetta', 'caesar_salad', 'cannoli', 'caprese_salad', 'carrot_cake', 'ceviche', 'cheese_plate', 'cheesecake', 'chicken_curry', 'chicken_quesadilla', 'chicken_wings', 'chocolate_cake', 'chocolate_mousse', 'churros', 'clam_chowder', 'club_sandwich', 'crab_cakes', 'creme_brulee', 'croque_madame', 'cup_cakes']
Confusion Matrix:
[[  0   0  35   0   0   0   1   0  11   6  11   0  32   0  15   1   8   0
    7  31   4   1   8  31   1  41   2   1   1   2]
 [  0 147   3   0   0   1   0   1   1   0  13   0   2   0  10   0   2   0
    1   1  20   7   1  28   0  12   0   0   0   0]
 [  0   1 143   0   0   0   0   0   2   0   9   4  12   0   5   0   6   0
    1   8   7   0   0  23   1  25   2   0   1   0]
 [  0   0   0  60   0  17   0   0   0   0 129   5   0   4   0   0   1   0
    7   1   0   1   2   0   0  23   0   0   0   0]
 [  0   1   0   2  46   6   0   0   0   0 110   2   1   1   4   2   5   0
    1   2   3   0   5   3   0  25  21   0   7   3]
 [  0   2   0   3   0 120   0   0   0   0  45  30   2   5   4   4   1   0
    3   0   0   4   8   0   0  18   0   0   0   1]
 [  0   0   6   0   0   0 118   0   1   1   4   0  44   0   0   1  23   0
    0   8   5   0   3  32   0   3   0   0   0   1]
 [  0   3   2   1   0   3   0 139   1   1  18   8   1   0   5   6   2   0
    9   8   0   1   4   0   0  14   0   0  23   1]
 [  0   8  16   0   0   0   3   1  54   4  18   0  26   0  12   1   5   1
   10  17   6   2  23  24   0  10   2   3   1   3]
 [  0   1   7   0   0   0   0   1   0  12  38   0   3   0   4   4   8   0
    7  68   0   1   2  12   0  80   1   0   1   0]
 [  0   2   0   0   0   0   0   0   0   0 199   2   2   2   1   3   3   0
    5   2   7   0   0   2   0  17   1   0   0   2]
 [  0   0   0   0   0   2   0   2   0   0  16 171   0   0   1   8   0   0
    0   3   0   0   0   0   0  46   1   0   0   0]
 [  0   1   6   0   0   1   0   0   0   2   4   1 148   0   2   1   9   0
    1  10   4   3   2  23   0  29   0   0   1   2]
 [  0   0   0   0   0  12   0   0   0   0 120  10   3  71   0   4   3   0
    0   2   0   1   2   0   0  20   0   0   1   1]
 [  0   1  16   0   0   0   0   1   2   0   2   0  13   0 131   0   1   1
    1  15   1   1  12  25   0  13   0   0   2  12]
 [  0   0   0   0   0   3   0   2   0   1  62  26   0   0   0  59   5   0
   16   3   0   0   3   3   1  63   0   0   0   3]
 [  0   2   1   0   0   4   0   0   1   1  14   0   7   0   2   3 135   0
    0   7   1   3   6  27   0  32   0   0   0   4]
 [  0   2   9   0   0   0   0   0   1   0  19   0  18   2   5   0  19  82
    0   4   0  11  37  13   2  11   1   4   2   8]
 [  0   0   3   0   0   0   0   1   2   4  15   4   2   0   2   4   1   0
  149  15  11   0   2   8   3  16   0   8   0   0]
 [  0   1   3   0   0   0   0   0   0   0  21   3   1   0   1   1   1   0
    3 125   1   0   0   1   0  88   0   0   0   0]
 [  0   3   0   0   0   0   0   0   0   0  11   0   0   0   1   0   0   0
    1   1 190   0   1  33   0   9   0   0   0   0]
 [  0   6   3   0   0   0   0   0   1   0   3   0  16   0  27   0   3   3
    0   0   0 102  65  12   0   0   1   0   0   8]
 [  0   1   1   0   0   2   0   0   2   0   9   0   2   0   6   2  11   2
    5   1   4  12 150  20   3   2   0   6   0   9]
 [  0   0   1   0   0   0   0   0   0   0   1   0   3   0   1   0   0   1
    1   0   3   1   2 224   0  11   0   1   0   0]
 [  0   0   2   0   0   0   0   0   1   0   2   1   4   0   3   0   8   0
    8  12   0   0   8   9 181   2   0   0   3   6]
 [  0   0   2   0   0   0   0   0   0   0   5   1   0   0   0   0   0   0
    0   2   0   0   0   5   0 235   0   0   0   0]
 [  0   1   5   0   0   3   0   0   1   1  66   6   1   1   5   3   3   0
    6  20  11   0   2   5   0  25  80   2   1   2]
 [  0   1   2   0   0   0   0   0   3   1   3   0   0   0   3   1   1   2
   16   5   0   1  12  16   9   2   1 166   4   1]
 [  0   0   1   0   0   1   0   3   2   3  15   3   2   0   2   2   2   0
    0  13   0   1   0   2   0  51   0   0 144   3]
 [  0   0   0   0   0   1   0   0   1   1   7   1   3   0   3   1   4   0
    0   0   1   0  11   3   0   1   0   0   1 211]]
Title:
VGG16_Task2_10class
Classes:
['baby_back_ribs', 'baklava', 'beef_carpaccio', 'beef_tartare', 'beet_salad', 'beignets', 'bibimbap', 'bread_pudding', 'breakfast_burrito', 'bruschetta']
Confusion Matrix:
[[  0   0   1   0   1  27   8 208   1   4]
 [  0 121   0   0   0  41   4  82   0   2]
 [  0   0 199   1   2   4  10  21   0  13]
 [  0   1  30  84   3  27  19  67   0  19]
 [  0   0  26   1  75   6  68  47   2  25]
 [  0   0   0   0   0 245   1   4   0   0]
 [  0   0   0   0   0   7 218  22   1   2]
 [  0   0   0   0   0  35   1 213   0   1]
 [  0   2   2   0   0  71   9 102  43  21]
 [  0   0   3   2   2  26   9  57   1 150]]
Title:
VGG16_Task2_10class3
Classes:
['baby_back_ribs', 'baklava', 'beef_carpaccio', 'beef_tartare', 'beet_salad', 'beignets', 'bibimbap', 'bread_pudding', 'breakfast_burrito', 'bruschetta']
Confusion Matrix:
[[  0   0   1   0   1  27   8 208   1   4]
 [  0 121   0   0   0  41   4  82   0   2]
 [  0   0 199   1   2   4  10  21   0  13]
 [  0   1  30  84   3  27  19  67   0  19]
 [  0   0  26   1  75   6  68  47   2  25]
 [  0   0   0   0   0 245   1   4   0   0]
 [  0   0   0   0   0   7 218  22   1   2]
 [  0   0   0   0   0  35   1 213   0   1]
 [  0   2   2   0   0  71   9 102  43  21]
 [  0   0   3   2   2  26   9  57   1 151]]